# Phonopy generated file for v_sim 3.6
    3.158785164   -1.579392582    2.735588197
    0.000000000    0.000000000   39.693555758
    0.000000000    1.823725465    9.224248607  W
    0.000000000    0.000000000    7.648207080  S
   -0.000000000    1.823725465    4.666712878  S
   -0.000000000    1.823725465    1.531423270  S
    0.000000000    0.000000000   10.801763356  S
    0.000000000    0.000000000    3.099699491 Mo
#metaData: qpt=[0.000000;0.000000;0.000000;-0.000000 \
#; 0.003627; -0.030489; 0.038831; 0.000000; 0.000000; 0.000000 \
#; 0.003627; -0.030489; 0.038831; 0.000000; 0.000000; 0.000000 \
#; 0.003627; -0.030489; 0.038831; 0.000000; 0.000000; 0.000000 \
#; 0.003627; -0.030489; 0.038831; 0.000000; 0.000000; 0.000000 \
#; 0.003627; -0.030489; 0.038831; 0.000000; 0.000000; 0.000000 \
#; 0.003627; -0.030489; 0.038831; 0.000000; 0.000000; 0.000000 \
# ]
#metaData: qpt=[0.000000;0.000000;0.000000;0.000000 \
#; 0.009922; 0.038592; 0.029374; 0.000000; 0.000000; 0.000000 \
#; 0.009922; 0.038592; 0.029374; 0.000000; 0.000000; 0.000000 \
#; 0.009922; 0.038592; 0.029374; 0.000000; 0.000000; 0.000000 \
#; 0.009922; 0.038592; 0.029374; 0.000000; 0.000000; 0.000000 \
#; 0.009922; 0.038592; 0.029374; 0.000000; 0.000000; 0.000000 \
#; 0.009922; 0.038592; 0.029374; 0.000000; 0.000000; 0.000000 \
# ]
#metaData: qpt=[0.000000;0.000000;0.000000;0.000000 \
#; -0.048363; 0.005631; 0.008938; 0.000000; 0.000000; 0.000000 \
#; -0.048363; 0.005631; 0.008938; 0.000000; 0.000000; 0.000000 \
#; -0.048363; 0.005631; 0.008938; 0.000000; 0.000000; 0.000000 \
#; -0.048363; 0.005631; 0.008938; 0.000000; 0.000000; 0.000000 \
#; -0.048363; 0.005631; 0.008938; 0.000000; 0.000000; 0.000000 \
#; -0.048363; 0.005631; 0.008938; 0.000000; 0.000000; 0.000000 \
# ]
#metaData: qpt=[0.000000;0.000000;0.000000;1.006444 \
#; -0.000000; -0.000000; 0.039993; 0.000000; 0.000000; 0.000000 \
#; -0.000000; -0.000000; 0.038187; 0.000000; 0.000000; 0.000000 \
#; 0.000000; 0.000000; -0.060195; 0.000000; 0.000000; 0.000000 \
#; 0.000000; 0.000000; -0.062179; 0.000000; 0.000000; 0.000000 \
#; -0.000000; -0.000000; 0.040096; 0.000000; 0.000000; 0.000000 \
#; 0.000000; 0.000000; -0.061884; 0.000000; 0.000000; 0.000000 \
# ]
#metaData: qpt=[0.000000;0.000000;0.000000;1.047011 \
#; -0.039978; 0.000255; -0.000000; 0.000000; 0.000000; 0.000000 \
#; -0.037672; 0.000241; -0.000000; 0.000000; 0.000000; 0.000000 \
#; 0.059533; -0.000380; 0.000000; 0.000000; 0.000000; 0.000000 \
#; 0.062918; -0.000402; 0.000000; 0.000000; 0.000000; 0.000000 \
#; -0.040657; 0.000260; -0.000000; 0.000000; 0.000000; 0.000000 \
#; 0.061847; -0.000395; 0.000000; 0.000000; 0.000000; 0.000000 \
# ]
#metaData: qpt=[0.000000;0.000000;0.000000;1.047011 \
#; 0.000255; 0.039978; 0.000000; 0.000000; 0.000000; 0.000000 \
#; 0.000241; 0.037672; 0.000000; 0.000000; 0.000000; 0.000000 \
#; -0.000380; -0.059533; -0.000000; 0.000000; 0.000000; 0.000000 \
#; -0.000402; -0.062918; -0.000000; 0.000000; 0.000000; 0.000000 \
#; 0.000260; 0.040657; 0.000000; 0.000000; 0.000000; 0.000000 \
#; -0.000395; -0.061847; -0.000000; 0.000000; 0.000000; 0.000000 \
# ]
#metaData: qpt=[0.000000;0.000000;0.000000;8.339543 \
#; -0.000744; -0.000000; 0.000000; 0.000000; 0.000000; 0.000000 \
#; 0.013886; 0.000000; -0.000000; 0.000000; 0.000000; 0.000000 \
#; 0.125378; 0.000001; 0.000000; 0.000000; 0.000000; 0.000000 \
#; -0.122850; -0.000001; 0.000000; 0.000000; 0.000000; 0.000000 \
#; -0.013361; -0.000000; 0.000000; 0.000000; 0.000000; 0.000000 \
#; 0.000404; 0.000000; 0.000000; 0.000000; 0.000000; 0.000000 \
# ]
#metaData: qpt=[0.000000;0.000000;0.000000;8.339543 \
#; 0.000000; -0.000744; 0.000000; 0.000000; 0.000000; 0.000000 \
#; -0.000000; 0.013886; -0.000000; 0.000000; 0.000000; 0.000000 \
#; -0.000001; 0.125378; 0.000000; 0.000000; 0.000000; 0.000000 \
#; 0.000001; -0.122850; 0.000000; 0.000000; 0.000000; 0.000000 \
#; 0.000000; -0.013361; 0.000000; 0.000000; 0.000000; 0.000000 \
#; -0.000000; 0.000404; -0.000000; 0.000000; 0.000000; 0.000000 \
# ]
#metaData: qpt=[0.000000;0.000000;0.000000;8.637834 \
#; -0.000143; 0.000610; -0.000000; 0.000000; 0.000000; 0.000000 \
#; -0.028343; 0.121100; 0.000000; 0.000000; 0.000000; 0.000000 \
#; 0.003246; -0.013871; 0.000000; 0.000000; 0.000000; 0.000000 \
#; -0.002953; 0.012618; -0.000000; 0.000000; 0.000000; 0.000000 \
#; 0.028227; -0.120605; 0.000000; 0.000000; 0.000000; 0.000000 \
#; 0.000214; -0.000916; -0.000000; 0.000000; 0.000000; 0.000000 \
# ]
#metaData: qpt=[0.000000;0.000000;0.000000;8.637834 \
#; 0.000610; 0.000143; -0.000000; 0.000000; 0.000000; 0.000000 \
#; 0.121100; 0.028343; -0.000000; 0.000000; 0.000000; 0.000000 \
#; -0.013871; -0.003246; 0.000000; 0.000000; 0.000000; 0.000000 \
#; 0.012618; 0.002953; -0.000000; 0.000000; 0.000000; 0.000000 \
#; -0.120605; -0.028227; 0.000000; 0.000000; 0.000000; 0.000000 \
#; -0.000916; -0.000214; -0.000000; 0.000000; 0.000000; 0.000000 \
# ]
#metaData: qpt=[0.000000;0.000000;0.000000;10.466875 \
#; 0.002033; 0.037222; 0.000000; 0.000000; 0.000000; 0.000000 \
#; -0.005887; -0.107799; -0.000000; 0.000000; 0.000000; 0.000000 \
#; 0.000076; 0.001390; -0.000000; 0.000000; 0.000000; 0.000000 \
#; -0.000021; -0.000379; -0.000000; 0.000000; 0.000000; 0.000000 \
#; -0.005863; -0.107367; -0.000000; 0.000000; 0.000000; 0.000000 \
#; 0.000014; 0.000251; 0.000000; 0.000000; 0.000000; 0.000000 \
# ]
#metaData: qpt=[0.000000;0.000000;0.000000;10.466875 \
#; -0.037222; 0.002033; 0.000000; 0.000000; 0.000000; 0.000000 \
#; 0.107799; -0.005887; -0.000000; 0.000000; 0.000000; 0.000000 \
#; -0.001390; 0.000076; -0.000000; 0.000000; 0.000000; 0.000000 \
#; 0.000379; -0.000021; -0.000000; 0.000000; 0.000000; 0.000000 \
#; 0.107367; -0.005863; -0.000000; 0.000000; 0.000000; 0.000000 \
#; -0.000251; 0.000014; 0.000000; 0.000000; 0.000000; 0.000000 \
# ]
#metaData: qpt=[0.000000;0.000000;0.000000;11.370465 \
#; 0.000210; -0.000005; 0.000000; 0.000000; 0.000000; 0.000000 \
#; 0.000278; -0.000007; 0.000000; 0.000000; 0.000000; 0.000000 \
#; -0.096234; 0.002498; -0.000000; 0.000000; 0.000000; 0.000000 \
#; -0.097523; 0.002531; 0.000000; 0.000000; 0.000000; 0.000000 \
#; -0.000313; 0.000008; 0.000000; 0.000000; 0.000000; 0.000000 \
#; 0.064353; -0.001670; -0.000000; 0.000000; 0.000000; 0.000000 \
# ]
#metaData: qpt=[0.000000;0.000000;0.000000;11.370465 \
#; 0.000005; 0.000210; -0.000000; 0.000000; 0.000000; 0.000000 \
#; 0.000007; 0.000278; 0.000000; 0.000000; 0.000000; 0.000000 \
#; -0.002498; -0.096234; 0.000000; 0.000000; 0.000000; 0.000000 \
#; -0.002531; -0.097523; -0.000000; 0.000000; 0.000000; 0.000000 \
#; -0.000008; -0.000313; -0.000000; 0.000000; 0.000000; 0.000000 \
#; 0.001670; 0.064353; 0.000000; 0.000000; 0.000000; 0.000000 \
# ]
#metaData: qpt=[0.000000;0.000000;0.000000;12.052758 \
#; 0.000000; -0.000000; -0.001884; 0.000000; 0.000000; 0.000000 \
#; 0.000000; -0.000000; 0.021635; 0.000000; 0.000000; 0.000000 \
#; -0.000000; 0.000000; 0.123451; 0.000000; 0.000000; 0.000000 \
#; -0.000000; 0.000000; -0.123659; 0.000000; 0.000000; 0.000000 \
#; -0.000000; 0.000000; -0.012840; 0.000000; 0.000000; 0.000000 \
#; 0.000000; -0.000000; 0.000741; 0.000000; 0.000000; 0.000000 \
# ]
#metaData: qpt=[0.000000;0.000000;0.000000;12.437096 \
#; 0.000000; -0.000000; -0.002734; 0.000000; 0.000000; 0.000000 \
#; -0.000000; -0.000000; -0.116842; 0.000000; 0.000000; 0.000000 \
#; -0.000000; -0.000000; 0.014912; 0.000000; 0.000000; 0.000000 \
#; 0.000000; -0.000000; -0.018778; 0.000000; 0.000000; 0.000000 \
#; 0.000000; 0.000000; 0.130012; 0.000000; 0.000000; 0.000000 \
#; -0.000000; 0.000000; 0.002129; 0.000000; 0.000000; 0.000000 \
# ]
#metaData: qpt=[0.000000;0.000000;0.000000;12.975428 \
#; 0.000000; -0.000000; 0.037112; 0.000000; 0.000000; 0.000000 \
#; -0.000000; 0.000000; -0.114485; 0.000000; 0.000000; 0.000000 \
#; -0.000000; 0.000000; 0.003320; 0.000000; 0.000000; 0.000000 \
#; -0.000000; 0.000000; -0.009494; 0.000000; 0.000000; 0.000000 \
#; 0.000000; 0.000000; -0.100299; 0.000000; 0.000000; 0.000000 \
#; 0.000000; -0.000000; 0.002735; 0.000000; 0.000000; 0.000000 \
# ]
#metaData: qpt=[0.000000;0.000000;0.000000;13.878454 \
#; 0.000000; -0.000000; -0.001089; 0.000000; 0.000000; 0.000000 \
#; 0.000000; 0.000000; 0.007134; 0.000000; 0.000000; 0.000000 \
#; -0.000000; 0.000000; -0.098179; 0.000000; 0.000000; 0.000000 \
#; -0.000000; 0.000000; -0.095579; 0.000000; 0.000000; 0.000000 \
#; 0.000000; 0.000000; 0.000588; 0.000000; 0.000000; 0.000000 \
#; 0.000000; -0.000000; 0.064251; 0.000000; 0.000000; 0.000000 \
# ]
