# Phonopy generated file for v_sim 3.6
    3.158785164   -1.579392582    2.735588197
    0.000000000    0.000000000   39.693555758
    0.000000000    1.823725465    9.224248607  W
    0.000000000    0.000000000    7.648207080  S
   -0.000000000    1.823725465    4.666712878  S
   -0.000000000    1.823725465    1.531423270  S
    0.000000000    0.000000000   10.801763356  S
    0.000000000    0.000000000    3.099699491 Mo
#metaData: qpt=[0.000000;0.000000;0.000000;-0.000000 \
#; -0.000314; 0.038920; 0.030591; 0.000000; 0.000000; 0.000000 \
#; -0.000314; 0.038920; 0.030591; 0.000000; 0.000000; 0.000000 \
#; -0.000314; 0.038920; 0.030591; 0.000000; 0.000000; 0.000000 \
#; -0.000314; 0.038920; 0.030591; 0.000000; 0.000000; 0.000000 \
#; -0.000314; 0.038920; 0.030591; 0.000000; 0.000000; 0.000000 \
#; -0.000314; 0.038920; 0.030591; 0.000000; 0.000000; 0.000000 \
# ]
#metaData: qpt=[0.000000;0.000000;0.000000;0.000000 \
#; -0.049182; -0.003724; 0.004233; 0.000000; 0.000000; 0.000000 \
#; -0.049182; -0.003724; 0.004233; 0.000000; 0.000000; 0.000000 \
#; -0.049182; -0.003724; 0.004233; 0.000000; 0.000000; 0.000000 \
#; -0.049182; -0.003724; 0.004233; 0.000000; 0.000000; 0.000000 \
#; -0.049182; -0.003724; 0.004233; 0.000000; 0.000000; 0.000000 \
#; -0.049182; -0.003724; 0.004233; 0.000000; 0.000000; 0.000000 \
# ]
#metaData: qpt=[0.000000;0.000000;0.000000;0.000000 \
#; -0.005629; 0.030365; -0.038690; 0.000000; 0.000000; 0.000000 \
#; -0.005629; 0.030365; -0.038690; 0.000000; 0.000000; 0.000000 \
#; -0.005629; 0.030365; -0.038690; 0.000000; 0.000000; 0.000000 \
#; -0.005629; 0.030365; -0.038690; 0.000000; 0.000000; 0.000000 \
#; -0.005629; 0.030365; -0.038690; 0.000000; 0.000000; 0.000000 \
#; -0.005629; 0.030365; -0.038690; 0.000000; 0.000000; 0.000000 \
# ]
#metaData: qpt=[0.000000;0.000000;0.000000;0.976158 \
#; 0.000000; 0.000000; -0.039987; 0.000000; 0.000000; 0.000000 \
#; 0.000000; 0.000000; -0.038248; 0.000000; 0.000000; 0.000000 \
#; -0.000000; -0.000000; 0.060312; 0.000000; 0.000000; 0.000000 \
#; -0.000000; -0.000000; 0.062133; 0.000000; 0.000000; 0.000000 \
#; 0.000000; 0.000000; -0.040070; 0.000000; 0.000000; 0.000000 \
#; -0.000000; -0.000000; 0.061862; 0.000000; 0.000000; 0.000000 \
# ]
#metaData: qpt=[0.000000;0.000000;0.000000;1.034154 \
#; -0.039953; -0.000469; -0.000000; 0.000000; 0.000000; 0.000000 \
#; -0.037857; -0.000444; -0.000000; 0.000000; 0.000000; 0.000000 \
#; 0.059734; 0.000701; 0.000000; 0.000000; 0.000000; 0.000000 \
#; 0.062864; 0.000738; 0.000000; 0.000000; 0.000000; 0.000000 \
#; -0.040612; -0.000477; -0.000000; 0.000000; 0.000000; 0.000000 \
#; 0.061796; 0.000725; 0.000000; 0.000000; 0.000000; 0.000000 \
# ]
#metaData: qpt=[0.000000;0.000000;0.000000;1.034154 \
#; -0.000469; 0.039953; 0.000000; 0.000000; 0.000000; 0.000000 \
#; -0.000444; 0.037857; 0.000000; 0.000000; 0.000000; 0.000000 \
#; 0.000701; -0.059734; -0.000000; 0.000000; 0.000000; 0.000000 \
#; 0.000738; -0.062864; -0.000000; 0.000000; 0.000000; 0.000000 \
#; -0.000477; 0.040612; 0.000000; 0.000000; 0.000000; 0.000000 \
#; 0.000725; -0.061796; -0.000000; 0.000000; 0.000000; 0.000000 \
# ]
#metaData: qpt=[0.000000;0.000000;0.000000;8.250258 \
#; 0.000003; 0.000612; 0.000000; 0.000000; 0.000000; 0.000000 \
#; -0.000041; -0.007811; 0.000000; 0.000000; 0.000000; 0.000000 \
#; -0.000652; -0.125241; -0.000000; 0.000000; 0.000000; 0.000000 \
#; 0.000645; 0.123986; 0.000000; 0.000000; 0.000000; 0.000000 \
#; 0.000041; 0.007930; 0.000000; 0.000000; 0.000000; 0.000000 \
#; -0.000004; -0.000793; 0.000000; 0.000000; 0.000000; 0.000000 \
# ]
#metaData: qpt=[0.000000;0.000000;0.000000;8.250258 \
#; 0.000612; -0.000003; 0.000000; 0.000000; 0.000000; 0.000000 \
#; -0.007811; 0.000041; -0.000000; 0.000000; 0.000000; 0.000000 \
#; -0.125241; 0.000652; -0.000000; 0.000000; 0.000000; 0.000000 \
#; 0.123986; -0.000645; -0.000000; 0.000000; 0.000000; 0.000000 \
#; 0.007930; -0.000041; -0.000000; 0.000000; 0.000000; 0.000000 \
#; -0.000793; 0.000004; 0.000000; 0.000000; 0.000000; 0.000000 \
# ]
#metaData: qpt=[0.000000;0.000000;0.000000;8.620185 \
#; -0.000005; 0.000098; -0.000000; 0.000000; 0.000000; 0.000000 \
#; -0.005947; 0.126012; 0.000000; 0.000000; 0.000000; 0.000000 \
#; 0.000406; -0.008609; -0.000000; 0.000000; 0.000000; 0.000000 \
#; -0.000335; 0.007089; -0.000000; 0.000000; 0.000000; 0.000000 \
#; 0.005801; -0.122932; 0.000000; 0.000000; 0.000000; 0.000000 \
#; 0.000033; -0.000709; 0.000000; 0.000000; 0.000000; 0.000000 \
# ]
#metaData: qpt=[0.000000;0.000000;0.000000;8.620185 \
#; 0.000098; 0.000005; -0.000000; 0.000000; 0.000000; 0.000000 \
#; 0.126012; 0.005947; -0.000000; 0.000000; 0.000000; 0.000000 \
#; -0.008609; -0.000406; -0.000000; 0.000000; 0.000000; 0.000000 \
#; 0.007089; 0.000335; -0.000000; 0.000000; 0.000000; 0.000000 \
#; -0.122932; -0.005801; -0.000000; 0.000000; 0.000000; 0.000000 \
#; -0.000709; -0.000033; 0.000000; 0.000000; 0.000000; 0.000000 \
# ]
#metaData: qpt=[0.000000;0.000000;0.000000;10.490084 \
#; -0.037299; 0.000792; -0.000000; 0.000000; 0.000000; 0.000000 \
#; 0.106402; -0.002259; 0.000000; 0.000000; 0.000000; 0.000000 \
#; -0.001545; 0.000033; 0.000000; 0.000000; 0.000000; 0.000000 \
#; -0.000766; 0.000016; -0.000000; 0.000000; 0.000000; 0.000000 \
#; 0.108957; -0.002314; -0.000000; 0.000000; 0.000000; 0.000000 \
#; 0.000268; -0.000006; 0.000000; 0.000000; 0.000000; 0.000000 \
# ]
#metaData: qpt=[0.000000;0.000000;0.000000;10.490084 \
#; 0.000792; 0.037299; -0.000000; 0.000000; 0.000000; 0.000000 \
#; -0.002259; -0.106402; 0.000000; 0.000000; 0.000000; 0.000000 \
#; 0.000033; 0.001545; 0.000000; 0.000000; 0.000000; 0.000000 \
#; 0.000016; 0.000766; -0.000000; 0.000000; 0.000000; 0.000000 \
#; -0.002314; -0.108957; 0.000000; 0.000000; 0.000000; 0.000000 \
#; -0.000006; -0.000268; 0.000000; 0.000000; 0.000000; 0.000000 \
# ]
#metaData: qpt=[0.000000;0.000000;0.000000;11.379706 \
#; 0.000128; 0.000434; -0.000000; 0.000000; 0.000000; 0.000000 \
#; -0.000247; -0.000835; 0.000000; 0.000000; 0.000000; 0.000000 \
#; -0.027472; -0.093007; -0.000000; 0.000000; 0.000000; 0.000000 \
#; -0.027406; -0.092782; 0.000000; 0.000000; 0.000000; 0.000000 \
#; -0.000224; -0.000758; 0.000000; 0.000000; 0.000000; 0.000000 \
#; 0.018249; 0.061781; 0.000000; 0.000000; 0.000000; 0.000000 \
# ]
#metaData: qpt=[0.000000;0.000000;0.000000;11.379706 \
#; -0.000434; 0.000128; -0.000000; 0.000000; 0.000000; 0.000000 \
#; 0.000835; -0.000247; 0.000000; 0.000000; 0.000000; 0.000000 \
#; 0.093007; -0.027472; -0.000000; 0.000000; 0.000000; 0.000000 \
#; 0.092782; -0.027406; 0.000000; 0.000000; 0.000000; 0.000000 \
#; 0.000758; -0.000224; -0.000000; 0.000000; 0.000000; 0.000000 \
#; -0.061781; 0.018249; 0.000000; 0.000000; 0.000000; 0.000000 \
# ]
#metaData: qpt=[0.000000;0.000000;0.000000;12.095073 \
#; 0.000000; 0.000000; -0.001905; 0.000000; 0.000000; 0.000000 \
#; 0.000000; 0.000000; 0.020165; 0.000000; 0.000000; 0.000000 \
#; -0.000000; -0.000000; 0.122009; 0.000000; 0.000000; 0.000000 \
#; -0.000000; -0.000000; -0.125462; 0.000000; 0.000000; 0.000000 \
#; 0.000000; -0.000000; -0.011082; 0.000000; 0.000000; 0.000000 \
#; -0.000000; 0.000000; 0.001768; 0.000000; 0.000000; 0.000000 \
# ]
#metaData: qpt=[0.000000;0.000000;0.000000;12.494950 \
#; -0.000000; 0.000000; 0.002136; 0.000000; 0.000000; 0.000000 \
#; 0.000000; -0.000000; 0.118797; 0.000000; 0.000000; 0.000000 \
#; 0.000000; 0.000000; -0.012995; 0.000000; 0.000000; 0.000000 \
#; -0.000000; 0.000000; 0.017539; 0.000000; 0.000000; 0.000000 \
#; -0.000000; -0.000000; -0.128667; 0.000000; 0.000000; 0.000000 \
#; 0.000000; -0.000000; -0.002313; 0.000000; 0.000000; 0.000000 \
# ]
#metaData: qpt=[0.000000;0.000000;0.000000;12.979879 \
#; 0.000000; 0.000000; 0.037154; 0.000000; 0.000000; 0.000000 \
#; -0.000000; -0.000000; -0.112694; 0.000000; 0.000000; 0.000000 \
#; 0.000000; -0.000000; 0.002890; 0.000000; 0.000000; 0.000000 \
#; -0.000000; -0.000000; -0.009387; 0.000000; 0.000000; 0.000000 \
#; 0.000000; -0.000000; -0.102235; 0.000000; 0.000000; 0.000000 \
#; 0.000000; 0.000000; 0.002809; 0.000000; 0.000000; 0.000000 \
# ]
#metaData: qpt=[0.000000;0.000000;0.000000;13.830173 \
#; 0.000000; -0.000000; -0.001136; 0.000000; 0.000000; 0.000000 \
#; 0.000000; -0.000000; 0.007334; 0.000000; 0.000000; 0.000000 \
#; -0.000000; -0.000000; -0.100175; 0.000000; 0.000000; 0.000000 \
#; -0.000000; -0.000000; -0.093483; 0.000000; 0.000000; 0.000000 \
#; 0.000000; -0.000000; 0.000581; 0.000000; 0.000000; 0.000000 \
#; 0.000000; -0.000000; 0.064243; 0.000000; 0.000000; 0.000000 \
# ]
