#    1  ,   2  ->   4  ,   5  ,     6   ,     7    ,     8   ,     9     ,    10
# k_ref, j_ref -> k_cmp, j_cmp, disp_ang, freq_diff, Eucl_ang, pseudo_ang, Herm_ang
   1   1 .    1   3    2.33    0.0000005   177.67    -0.00     2.33
   1   2 .    1   1   11.96   -0.0000004    11.96     0.00    11.96
   1   3 .    1   2   12.18   -0.0000004    12.18     0.00    12.18
   1   4 .    1   4    0.05   -0.0416337   179.95    -0.00     0.05
   1   5 .    1   5    1.04   -0.0176752     1.04     0.00     1.04
   1   6 .    1   6    1.04   -0.0176752     1.04     0.00     1.04
   1   7 .    1   8    2.70   -0.1227378   177.30    -0.00     2.70
   1   8 .    1   7    2.70   -0.1227378   177.30    -0.00     2.70
   1   9 .    1   9   10.82   -0.0242614    10.82     0.00    10.82
   1  10 .    1  10   10.82   -0.0242614    10.82     0.00    10.82
   1  11 .    1  12    2.08    0.0319049     2.08     0.00     2.08
   1  12 .    1  11    2.08    0.0319049     2.08     0.00     2.08
   1  13 .    1  14   14.98    0.0127032   165.02    -0.00    14.98
   1  14 .    1  13   14.98    0.0127032    14.98     0.00    14.98
   1  15 .    1  15    1.20    0.0581686     1.20     0.00     1.20
   1  16 .    1  16    1.17    0.0795304   178.83    -0.00     1.17
   1  17 .    1  17    0.87    0.0061190     0.87     0.00     0.87
   1  18 .    1  18    0.94   -0.0663714     0.94     0.00     0.94
