#    1  ,   2  ->   4  ,   5  ,     6   ,     7    ,     8   ,     9     ,    10
# k_ref, j_ref -> k_cmp, j_cmp, disp_ang, freq_diff, Eucl_ang, pseudo_ang, Herm_ang
   1   1 .    1   1   90.00   -0.0000000    90.00     0.00    90.00
   1   1 .    1   2   87.67    0.0000003    87.67     0.00    87.67
   1   1 .    1   3    2.33    0.0000005   177.67    -0.00     2.33
   1   1 .    1   4   90.00    1.3418977    90.00    -0.00    90.00
   1   1 .    1   5   90.00    1.4216232    90.00    -0.00    90.00
   1   1 .    1   6   90.00    1.4216232    90.00    -0.00    90.00
   1   1 .    1   7   90.00   11.3414073    90.00     0.00    90.00
   1   1 .    1   8   90.00   11.3414073    90.00     0.00    90.00
   1   1 .    1   9   90.00   11.8499371    90.00    -0.00    90.00
   1   1 .    1  10   90.00   11.8499371    90.00     0.00    90.00
   1   1 .    1  11   90.00   14.4204367    90.00     0.00    90.00
   1   1 .    1  12   90.00   14.4204367    90.00    -0.00    90.00
   1   1 .    1  13   90.00   15.6433758    90.00    90.00    90.00
   1   1 .    1  14   90.00   15.6433758    90.00    -0.00    90.00
   1   1 .    1  15   90.00   16.6267714    90.00     0.00    90.00
   1   1 .    1  16   90.00   17.1764719    90.00     0.00    90.00
   1   1 .    1  17   90.00   17.8430912    90.00     0.00    90.00
   1   1 .    1  18   90.00   19.0119668    90.00     0.00    90.00
   1   2 .    1   1   11.96   -0.0000004    11.96     0.00    11.96
   1   2 .    1   2   78.05    0.0000000   101.95    -0.00    78.05
   1   2 .    1   3   89.52    0.0000001    90.48    -0.00    89.52
   1   2 .    1   4   90.00    1.3418974    90.00    -0.00    90.00
   1   2 .    1   5   90.00    1.4216229    90.00     0.00    90.00
   1   2 .    1   6   90.00    1.4216229    90.00    -0.00    90.00
   1   2 .    1   7   90.00   11.3414070    90.00    -0.00    90.00
   1   2 .    1   8   90.00   11.3414070    90.00    -0.00    90.00
   1   2 .    1   9   90.00   11.8499368    90.00     0.00    90.00
   1   2 .    1  10   90.00   11.8499368    90.00    -0.00    90.00
   1   2 .    1  11   90.00   14.4204364    90.00    -0.00    90.00
   1   2 .    1  12   90.00   14.4204364    90.00    -0.00    90.00
   1   2 .    1  13   90.00   15.6433755    90.00     0.00    90.00
   1   2 .    1  14   90.00   15.6433755    90.00     0.00    90.00
   1   2 .    1  15   90.00   16.6267711    90.00     0.00    90.00
   1   2 .    1  16   90.00   17.1764716    90.00     0.00    90.00
   1   2 .    1  17   90.00   17.8430909    90.00     0.00    90.00
   1   2 .    1  18   90.00   19.0119665    90.00    -0.00    90.00
   1   3 .    1   1   78.04   -0.0000008    78.04     0.00    78.04
   1   3 .    1   2   12.18   -0.0000004    12.18     0.00    12.18
   1   3 .    1   3   87.72   -0.0000003    87.72     0.00    87.72
   1   3 .    1   4   90.00    1.3418970    90.00     0.00    90.00
   1   3 .    1   5   90.00    1.4216225    90.00    -0.00    90.00
   1   3 .    1   6   90.00    1.4216225    90.00    -0.00    90.00
   1   3 .    1   7   90.00   11.3414066    90.00    -0.00    90.00
   1   3 .    1   8   90.00   11.3414066    90.00    -0.00    90.00
   1   3 .    1   9   90.00   11.8499363    90.00    -0.00    90.00
   1   3 .    1  10   90.00   11.8499363    90.00    -0.00    90.00
   1   3 .    1  11   90.00   14.4204360    90.00    -0.00    90.00
   1   3 .    1  12   90.00   14.4204360    90.00     0.00    90.00
   1   3 .    1  13   90.00   15.6433751    90.00    -0.00    90.00
   1   3 .    1  14   90.00   15.6433751    90.00     0.00    90.00
   1   3 .    1  15   90.00   16.6267707    90.00     0.00    90.00
   1   3 .    1  16   90.00   17.1764712    90.00    -0.00    90.00
   1   3 .    1  17   90.00   17.8430905    90.00     0.00    90.00
   1   3 .    1  18   90.00   19.0119661    90.00     0.00    90.00
   1   4 .    1   1   90.00   -1.3835315    90.00    -0.00    90.00
   1   4 .    1   2   90.00   -1.3835311    90.00     0.00    90.00
   1   4 .    1   3   90.00   -1.3835310    90.00     0.00    90.00
   1   4 .    1   4    0.05   -0.0416337   179.95    -0.00     0.05
   1   4 .    1   5   90.00    0.0380918    90.00    -0.00    90.00
   1   4 .    1   6   90.00    0.0380918    90.00    -0.00    90.00
   1   4 .    1   7   90.00    9.9578759    90.00     0.00    90.00
   1   4 .    1   8   90.00    9.9578759    90.00    -0.00    90.00
   1   4 .    1   9   90.00   10.4664057    90.00     0.00    90.00
   1   4 .    1  10   90.00   10.4664057    90.00    -0.00    90.00
   1   4 .    1  11   90.00   13.0369053    90.00    -0.00    90.00
   1   4 .    1  12   90.00   13.0369053    90.00     0.00    90.00
   1   4 .    1  13   90.00   14.2598444    90.00    -0.00    90.00
   1   4 .    1  14   90.00   14.2598444    90.00    -0.00    90.00
   1   4 .    1  15   89.97   15.2432400    89.97     0.00    89.97
   1   4 .    1  16   89.98   15.7929405    90.02    -0.00    89.98
   1   4 .    1  17   89.99   16.4595598    89.99     0.00    89.99
   1   4 .    1  18   89.98   17.6284354    90.02    -0.00    89.98
   1   5 .    1   1   90.00   -1.4392984    90.00    -0.00    90.00
   1   5 .    1   2   90.00   -1.4392981    90.00     0.00    90.00
   1   5 .    1   3   90.00   -1.4392979    90.00    -0.00    90.00
   1   5 .    1   4   90.00   -0.0974007    90.00    -0.00    90.00
   1   5 .    1   5    1.04   -0.0176752     1.04     0.00     1.04
   1   5 .    1   6   88.96   -0.0176752    88.96     0.00    88.96
   1   5 .    1   7   90.00    9.9021089    90.00    -0.00    90.00
   1   5 .    1   8   89.95    9.9021089    89.95     0.00    89.95
   1   5 .    1   9   90.00   10.4106387    90.00    -0.00    90.00
   1   5 .    1  10   89.94   10.4106387    89.94     0.00    89.94
   1   5 .    1  11   89.96   12.9811383    89.96     0.00    89.96
   1   5 .    1  12   90.00   12.9811383    90.00    -0.00    90.00
   1   5 .    1  13   89.99   14.2040774    89.99     0.00    89.99
   1   5 .    1  14   89.96   14.2040774    90.04    -0.00    89.96
   1   5 .    1  15   90.00   15.1874730    90.00     0.00    90.00
   1   5 .    1  16   90.00   15.7371735    90.00    -0.00    90.00
   1   5 .    1  17   90.00   16.4037928    90.00    -0.00    90.00
   1   5 .    1  18   90.00   17.5726684    90.00     0.00    90.00
   1   6 .    1   1   90.00   -1.4392984    90.00     0.00    90.00
   1   6 .    1   2   90.00   -1.4392981    90.00     0.00    90.00
   1   6 .    1   3   90.00   -1.4392979    90.00    -0.00    90.00
   1   6 .    1   4   90.00   -0.0974007    90.00    -0.00    90.00
   1   6 .    1   5   88.96   -0.0176752    91.04    -0.00    88.96
   1   6 .    1   6    1.04   -0.0176752     1.04     0.00     1.04
   1   6 .    1   7   89.95    9.9021089    90.05    -0.00    89.95
   1   6 .    1   8   90.00    9.9021089    90.00    -0.00    90.00
   1   6 .    1   9   89.94   10.4106387    90.06    -0.00    89.94
   1   6 .    1  10   90.00   10.4106387    90.00    -0.00    90.00
   1   6 .    1  11   90.00   12.9811383    90.00     0.00    90.00
   1   6 .    1  12   89.96   12.9811383    89.96     0.00    89.96
   1   6 .    1  13   89.96   14.2040774    90.04    -0.00    89.96
   1   6 .    1  14   89.99   14.2040774    90.01    -0.00    89.99
   1   6 .    1  15   90.00   15.1874730    90.00    -0.00    90.00
   1   6 .    1  16   90.00   15.7371735    90.00    -0.00    90.00
   1   6 .    1  17   90.00   16.4037928    90.00    -0.00    90.00
   1   6 .    1  18   90.00   17.5726684    90.00     0.00    90.00
   1   7 .    1   1   90.00  -11.4641452    90.00    -0.00    90.00
   1   7 .    1   2   90.00  -11.4641448    90.00     0.00    90.00
   1   7 .    1   3   90.00  -11.4641447    90.00    -0.00    90.00
   1   7 .    1   4   90.00  -10.1222474    90.00    -0.00    90.00
   1   7 .    1   5   89.95  -10.0425219    89.95     0.00    89.95
   1   7 .    1   6   90.00  -10.0425219    90.00     0.00    90.00
   1   7 .    1   7   89.70   -0.1227378    90.30    -0.00    89.70
   1   7 .    1   8    2.70   -0.1227378   177.30    -0.00     2.70
   1   7 .    1   9   89.88    0.3857919    90.12    -0.00    89.88
   1   7 .    1  10   87.35    0.3857919    87.35     0.00    87.35
   1   7 .    1  11   89.85    2.9562916    89.85     0.00    89.85
   1   7 .    1  12   90.00    2.9562916    90.00    -0.00    90.00
   1   7 .    1  13   89.90    4.1792306    90.10    -0.00    89.90
   1   7 .    1  14   89.65    4.1792306    89.65     0.00    89.65
   1   7 .    1  15   90.00    5.1626262    90.00    90.00    90.00
   1   7 .    1  16   90.00    5.7123267    90.00    90.00    90.00
   1   7 .    1  17   90.00    6.3789461    90.00    90.00    90.00
   1   7 .    1  18   90.00    7.5478216    90.00    90.00    90.00
   1   8 .    1   1   90.00  -11.4641452    90.00     0.00    90.00
   1   8 .    1   2   90.00  -11.4641448    90.00    -0.00    90.00
   1   8 .    1   3   90.00  -11.4641447    90.00    -0.00    90.00
   1   8 .    1   4   90.00  -10.1222474    90.00    -0.00    90.00
   1   8 .    1   5   90.00  -10.0425219    90.00     0.00    90.00
   1   8 .    1   6   89.95  -10.0425219    90.05    -0.00    89.95
   1   8 .    1   7    2.70   -0.1227378   177.30    -0.00     2.70
   1   8 .    1   8   89.70   -0.1227378    89.70     0.00    89.70
   1   8 .    1   9   87.35    0.3857919    87.35     0.00    87.35
   1   8 .    1  10   89.88    0.3857919    89.88     0.00    89.88
   1   8 .    1  11   90.00    2.9562916    90.00    -0.00    90.00
   1   8 .    1  12   89.85    2.9562916    90.15    -0.00    89.85
   1   8 .    1  13   89.65    4.1792306    90.35    -0.00    89.65
   1   8 .    1  14   89.90    4.1792306    90.10    -0.00    89.90
   1   8 .    1  15   90.00    5.1626262    90.00    90.00    90.00
   1   8 .    1  16   90.00    5.7123267    90.00    90.00    90.00
   1   8 .    1  17   90.00    6.3789461    90.00    90.00    90.00
   1   8 .    1  18   90.00    7.5478216    90.00    90.00    90.00
   1   9 .    1   1   90.00  -11.8741986    90.00    -0.00    90.00
   1   9 .    1   2   90.00  -11.8741982    90.00    -0.00    90.00
   1   9 .    1   3   90.00  -11.8741981    90.00    -0.00    90.00
   1   9 .    1   4   90.00  -10.5323008    90.00     0.00    90.00
   1   9 .    1   5   89.99  -10.4525753    89.99     0.00    89.99
   1   9 .    1   6   89.94  -10.4525753    89.94     0.00    89.94
   1   9 .    1   7   87.42   -0.5327912    87.42     0.00    87.42
   1   9 .    1   8   89.38   -0.5327912    90.62    -0.00    89.38
   1   9 .    1   9   10.82   -0.0242614    10.82     0.00    10.82
   1   9 .    1  10   79.54   -0.0242614   100.46    -0.00    79.54
   1   9 .    1  11   89.82    2.5462382    89.82     0.00    89.82
   1   9 .    1  12   89.31    2.5462382    89.31     0.00    89.31
   1   9 .    1  13   89.90    3.7691773    90.10    -0.00    89.90
   1   9 .    1  14   89.94    3.7691773    90.06    -0.00    89.94
   1   9 .    1  15   90.00    4.7525729    90.00    90.00    90.00
   1   9 .    1  16   90.00    5.3022734    90.00    90.00    90.00
   1   9 .    1  17   90.00    5.9688927    90.00    90.00    90.00
   1   9 .    1  18   90.00    7.1377683    90.00    90.00    90.00
   1  10 .    1   1   90.00  -11.8741986    90.00    -0.00    90.00
   1  10 .    1   2   90.00  -11.8741982    90.00     0.00    90.00
   1  10 .    1   3   90.00  -11.8741981    90.00    -0.00    90.00
   1  10 .    1   4   90.00  -10.5323008    90.00     0.00    90.00
   1  10 .    1   5   89.94  -10.4525753    90.06    -0.00    89.94
   1  10 .    1   6   89.99  -10.4525753    89.99     0.00    89.99
   1  10 .    1   7   89.38   -0.5327912    89.38     0.00    89.38
   1  10 .    1   8   87.42   -0.5327912    87.42     0.00    87.42
   1  10 .    1   9   79.54   -0.0242614    79.54     0.00    79.54
   1  10 .    1  10   10.82   -0.0242614    10.82     0.00    10.82
   1  10 .    1  11   89.31    2.5462382    90.69    -0.00    89.31
   1  10 .    1  12   89.82    2.5462382    89.82     0.00    89.82
   1  10 .    1  13   89.94    3.7691773    90.06    -0.00    89.94
   1  10 .    1  14   89.90    3.7691773    89.90     0.00    89.90
   1  10 .    1  15   90.00    4.7525729    90.00    90.00    90.00
   1  10 .    1  16   90.00    5.3022734    90.00    90.00    90.00
   1  10 .    1  17   90.00    5.9688927    90.00    90.00    90.00
   1  10 .    1  18   90.00    7.1377683    90.00    90.00    90.00
   1  11 .    1   1   90.00  -14.3885319    90.00    -0.00    90.00
   1  11 .    1   2   90.00  -14.3885315    90.00     0.00    90.00
   1  11 .    1   3   90.00  -14.3885314    90.00     0.00    90.00
   1  11 .    1   4   90.00  -13.0466341    90.00     0.00    90.00
   1  11 .    1   5   90.00  -12.9669086    90.00     0.00    90.00
   1  11 .    1   6   89.96  -12.9669086    90.04    -0.00    89.96
   1  11 .    1   7   89.82   -3.0471245    90.18    -0.00    89.82
   1  11 .    1   8   89.99   -3.0471245    90.01    -0.00    89.99
   1  11 .    1   9   89.30   -2.5385948    90.70    -0.00    89.30
   1  11 .    1  10   89.93   -2.5385948    90.07    -0.00    89.93
   1  11 .    1  11   88.09    0.0319049    91.91    -0.00    88.09
   1  11 .    1  12    2.08    0.0319049     2.08     0.00     2.08
   1  11 .    1  13   89.60    1.2548439    89.60     0.00    89.60
   1  11 .    1  14   89.90    1.2548439    89.90     0.00    89.90
   1  11 .    1  15   90.00    2.2382395    90.00    90.00    90.00
   1  11 .    1  16   90.00    2.7879400    90.00    90.00    90.00
   1  11 .    1  17   90.00    3.4545594    90.00    90.00    90.00
   1  11 .    1  18   90.00    4.6234350    90.00    90.00    90.00
   1  12 .    1   1   90.00  -14.3885319    90.00    -0.00    90.00
   1  12 .    1   2   90.00  -14.3885315    90.00    -0.00    90.00
   1  12 .    1   3   90.00  -14.3885314    90.00    -0.00    90.00
   1  12 .    1   4   90.00  -13.0466341    90.00     0.00    90.00
   1  12 .    1   5   89.96  -12.9669086    90.04    -0.00    89.96
   1  12 .    1   6   90.00  -12.9669086    90.00    -0.00    90.00
   1  12 .    1   7   89.99   -3.0471245    90.01    -0.00    89.99
   1  12 .    1   8   89.82   -3.0471245    89.82     0.00    89.82
   1  12 .    1   9   89.93   -2.5385948    90.07    -0.00    89.93
   1  12 .    1  10   89.30   -2.5385948    89.30     0.00    89.30
   1  12 .    1  11    2.08    0.0319049     2.08     0.00     2.08
   1  12 .    1  12   88.09    0.0319049    88.09     0.00    88.09
   1  12 .    1  13   89.90    1.2548439    90.10    -0.00    89.90
   1  12 .    1  14   89.60    1.2548439    89.60     0.00    89.60
   1  12 .    1  15   90.00    2.2382395    90.00    90.00    90.00
   1  12 .    1  16   90.00    2.7879400    90.00    90.00    90.00
   1  12 .    1  17   90.00    3.4545594    90.00    90.00    90.00
   1  12 .    1  18   90.00    4.6234350    90.00    90.00    90.00
   1  13 .    1   1   90.00  -15.6306726    90.00    -0.00    90.00
   1  13 .    1   2   90.00  -15.6306722    90.00     0.00    90.00
   1  13 .    1   3   90.00  -15.6306721    90.00    -0.00    90.00
   1  13 .    1   4   90.00  -14.2887748    90.00    -0.00    90.00
   1  13 .    1   5   89.96  -14.2090493    90.04    -0.00    89.96
   1  13 .    1   6   90.00  -14.2090493    90.00    -0.00    90.00
   1  13 .    1   7   89.99   -4.2892652    89.99     0.00    89.99
   1  13 .    1   8   89.64   -4.2892652    90.36    -0.00    89.64
   1  13 .    1   9   89.99   -3.7807355    90.01    -0.00    89.99
   1  13 .    1  10   89.86   -3.7807355    89.86     0.00    89.86
   1  13 .    1  11   89.59   -1.2102358    89.59     0.00    89.59
   1  13 .    1  12   90.00   -1.2102358    90.00     0.00    90.00
   1  13 .    1  13   75.03    0.0127032    75.03     0.00    75.03
   1  13 .    1  14   14.98    0.0127032   165.02    -0.00    14.98
   1  13 .    1  15   90.00    0.9960988    90.00    90.00    90.00
   1  13 .    1  16   90.00    1.5457993    90.00    90.00    90.00
   1  13 .    1  17   90.00    2.2124187    90.00    90.00    90.00
   1  13 .    1  18   90.00    3.3812943    90.00    90.00    90.00
   1  14 .    1   1   90.00  -15.6306726    90.00     0.00    90.00
   1  14 .    1   2   90.00  -15.6306722    90.00    -0.00    90.00
   1  14 .    1   3   90.00  -15.6306721    90.00     0.00    90.00
   1  14 .    1   4   90.00  -14.2887748    90.00     0.00    90.00
   1  14 .    1   5   90.00  -14.2090493    90.00    -0.00    90.00
   1  14 .    1   6   89.96  -14.2090493    89.96     0.00    89.96
   1  14 .    1   7   89.64   -4.2892652    90.36    -0.00    89.64
   1  14 .    1   8   89.99   -4.2892652    90.01    -0.00    89.99
   1  14 .    1   9   89.86   -3.7807355    89.86     0.00    89.86
   1  14 .    1  10   89.99   -3.7807355    89.99     0.00    89.99
   1  14 .    1  11   90.00   -1.2102358    90.00     0.00    90.00
   1  14 .    1  12   89.59   -1.2102358    90.41    -0.00    89.59
   1  14 .    1  13   14.98    0.0127032    14.98     0.00    14.98
   1  14 .    1  14   75.03    0.0127032    75.03     0.00    75.03
   1  14 .    1  15   90.00    0.9960988    90.00    90.00    90.00
   1  14 .    1  16   90.00    1.5457993    90.00    90.00    90.00
   1  14 .    1  17   90.00    2.2124187    90.00    90.00    90.00
   1  14 .    1  18   90.00    3.3812943    90.00    90.00    90.00
   1  15 .    1   1   90.00  -16.5686028    90.00    -0.00    90.00
   1  15 .    1   2   90.00  -16.5686025    90.00    -0.00    90.00
   1  15 .    1   3   90.00  -16.5686023    90.00     0.00    90.00
   1  15 .    1   4   89.97  -15.2267051    89.97     0.00    89.97
   1  15 .    1   5   90.00  -15.1469796    90.00     0.00    90.00
   1  15 .    1   6   90.00  -15.1469796    90.00    -0.00    90.00
   1  15 .    1   7   90.00   -5.2271955    90.00    90.00    90.00
   1  15 .    1   8   90.00   -5.2271955    90.00    90.00    90.00
   1  15 .    1   9   90.00   -4.7186657    90.00    90.00    90.00
   1  15 .    1  10   90.00   -4.7186657    90.00    90.00    90.00
   1  15 .    1  11   90.00   -2.1481661    90.00    90.00    90.00
   1  15 .    1  12   90.00   -2.1481661    90.00    90.00    90.00
   1  15 .    1  13   90.00   -0.9252270    90.00    90.00    90.00
   1  15 .    1  14   90.00   -0.9252270    90.00    90.00    90.00
   1  15 .    1  15    1.20    0.0581686     1.20     0.00     1.20
   1  15 .    1  16   89.23    0.6078691    89.23     0.00    89.23
   1  15 .    1  17   89.99    1.2744884    90.01    -0.00    89.99
   1  15 .    1  18   89.08    2.4433640    90.92    -0.00    89.08
   1  16 .    1   1   90.00  -17.0969415    90.00    -0.00    90.00
   1  16 .    1   2   90.00  -17.0969411    90.00    -0.00    90.00
   1  16 .    1   3   90.00  -17.0969410    90.00     0.00    90.00
   1  16 .    1   4   89.98  -15.7550437    89.98     0.00    89.98
   1  16 .    1   5   90.00  -15.6753182    90.00     0.00    90.00
   1  16 .    1   6   90.00  -15.6753182    90.00     0.00    90.00
   1  16 .    1   7   90.00   -5.7555341    90.00    90.00    90.00
   1  16 .    1   8   90.00   -5.7555341    90.00    90.00    90.00
   1  16 .    1   9   90.00   -5.2470044    90.00    90.00    90.00
   1  16 .    1  10   90.00   -5.2470044    90.00    90.00    90.00
   1  16 .    1  11   90.00   -2.6765047    90.00    90.00    90.00
   1  16 .    1  12   90.00   -2.6765047    90.00    90.00    90.00
   1  16 .    1  13   90.00   -1.4535657    90.00    90.00    90.00
   1  16 .    1  14   90.00   -1.4535657    90.00    90.00    90.00
   1  16 .    1  15   89.23   -0.4701701    89.23     0.00    89.23
   1  16 .    1  16    1.17    0.0795304   178.83    -0.00     1.17
   1  16 .    1  17   89.14    0.7461498    90.86    -0.00    89.14
   1  16 .    1  18   89.83    1.9150253    90.17    -0.00    89.83
   1  17 .    1   1   90.00  -17.8369723    90.00     0.00    90.00
   1  17 .    1   2   90.00  -17.8369719    90.00     0.00    90.00
   1  17 .    1   3   90.00  -17.8369718    90.00     0.00    90.00
   1  17 .    1   4   89.99  -16.4950745    89.99     0.00    89.99
   1  17 .    1   5   90.00  -16.4153490    90.00     0.00    90.00
   1  17 .    1   6   90.00  -16.4153490    90.00    -0.00    90.00
   1  17 .    1   7   90.00   -6.4955649    90.00    90.00    90.00
   1  17 .    1   8   90.00   -6.4955649    90.00    90.00    90.00
   1  17 .    1   9   90.00   -5.9870352    90.00    90.00    90.00
   1  17 .    1  10   90.00   -5.9870352    90.00    90.00    90.00
   1  17 .    1  11   90.00   -3.4165355    90.00    90.00    90.00
   1  17 .    1  12   90.00   -3.4165355    90.00    90.00    90.00
   1  17 .    1  13   90.00   -2.1935965    90.00    90.00    90.00
   1  17 .    1  14   90.00   -2.1935965    90.00    90.00    90.00
   1  17 .    1  15   89.98   -1.2102009    89.98     0.00    89.98
   1  17 .    1  16   89.14   -0.6605004    90.86    -0.00    89.14
   1  17 .    1  17    0.87    0.0061190     0.87     0.00     0.87
   1  17 .    1  18   89.89    1.1749945    90.11    -0.00    89.89
   1  18 .    1   1   90.00  -19.0783382    90.00    -0.00    90.00
   1  18 .    1   2   90.00  -19.0783379    90.00     0.00    90.00
   1  18 .    1   3   90.00  -19.0783377    90.00     0.00    90.00
   1  18 .    1   4   89.98  -17.7364405    90.02    -0.00    89.98
   1  18 .    1   5   90.00  -17.6567150    90.00     0.00    90.00
   1  18 .    1   6   90.00  -17.6567150    90.00    -0.00    90.00
   1  18 .    1   7   90.00   -7.7369308    90.00    90.00    90.00
   1  18 .    1   8   90.00   -7.7369308    90.00    90.00    90.00
   1  18 .    1   9   90.00   -7.2284011    90.00    90.00    90.00
   1  18 .    1  10   90.00   -7.2284011    90.00    90.00    90.00
   1  18 .    1  11   90.00   -4.6579015    90.00    90.00    90.00
   1  18 .    1  12   90.00   -4.6579015    90.00    90.00    90.00
   1  18 .    1  13   90.00   -3.4349624    90.00    90.00    90.00
   1  18 .    1  14   90.00   -3.4349624    90.00    90.00    90.00
   1  18 .    1  15   89.08   -2.4515668    89.08     0.00    89.08
   1  18 .    1  16   89.84   -1.9018663    90.16    -0.00    89.84
   1  18 .    1  17   89.89   -1.2352470    89.89     0.00    89.89
   1  18 .    1  18    0.94   -0.0663714     0.94     0.00     0.94
